BTC_Core 42100 45000 48200 39000 35000 41000 52000 58000 64000 61000
ETH_Main 2200 2500 2800 2100 1900 2300 3100 3800 4200 3950
SOL_Net 95 110 125 80 75 105 150 185 210 195
ADA_Token 0.5 0.6 0.8 0.4 0.3 0.5 0.9 1.2 1.5 1.1
DOT_Polka 15 18 22 14 12 17 25 32 38 35
XRP_Ripple 0.6 0.7 0.9 0.5 0.4 0.6 1.1 1.4 1.8 1.5
LINK_Chain 14 16 20 12 10 15 22 28 32 29
AVAX_Snow 35 40 55 30 25 38 60 85 95 88
MATIC_Poly 0.8 1.1 1.5 0.7 0.6 0.9 1.6 2.1 2.5 2.2
UNI_Swap 7 9 12 6 5 8 15 22 28 24
LTC_Silver 65 72 85 60 55 70 95 120 145 130
ATOM_Cosmos 10 12 15 9 8 11 18 25 30 26
NEAR_Prot 4 5 7 3 2 4 8 12 15 13
TIA_Celest 12 15 22 10 8 14 28 35 42 38
OP_Optim 3 4 5 2 1.5 3 6 9 12 10