Jakuck 2 4 1 15 35 55 65 68 60 35 15 4
Dubaj 52 54 58 62 68 72 75 74 70 65 58 54
Warszawa 15 18 25 32 38 42 45 44 38 30 23 16
Oslo 8 10 15 22 28 35 38 36 30 24 18 10
Kair 45 48 52 58 62 65 68 67 64 60 52 48
Bangkok 58 59 62 65 64 63 62 62 62 61 60 58
Londyn 24 26 29 33 37 40 42 41 38 34 28 25
Madryt 28 30 34 38 44 50 55 54 48 40 32 29
Pekin 12 16 26 35 42 48 50 48 42 35 25 14
Sydney 45 46 44 40 36 34 33 35 38 41 43 45
Meksyk 32 34 38 42 44 43 42 42 41 39 35 33
Moskwa 5 8 17 28 35 40 43 41 35 27 18 10
Rzym 30 32 35 39 44 48 52 51 47 41 35 31
Toronto 10 12 22 30 38 43 47 46 40 32 24 15
Seoul 14 18 28 36 42 46 48 47 42 35 26 17
Ateny 32 33 36 40 45 50 53 52 48 42 37 33
Berlin 17 19 26 32 38 42 44 43 38 31 24 18
Chicago 12 14 24 32 39 44 48 47 41 33 25 16
Lagos 56 57 58 58 57 56 55 55 55 56 57 57
Reykjavik 18 19 22 25 28 31 33 32 29 26 22 19