WAVE_01 0.0 0.2 0.4 0.6 0.8 1.0 0.8 0.6 0.4 0.2 0.0 -0.2 -0.4 -0.6 -0.8 -1.0 -0.8 -0.6 -0.4 -0.2
WAVE_02 0.1 0.3 0.5 0.7 0.9 1.1 0.9 0.7 0.5 0.3 0.1 -0.1 -0.3 -0.5 -0.7 -0.9 -0.7 -0.5 -0.3 -0.1
WAVE_03 0.2 0.4 0.6 0.8 1.0 1.2 1.0 0.8 0.6 0.4 0.2 0.0 -0.2 -0.4 -0.6 -0.8 -0.6 -0.4 -0.2 0.0
WAVE_04 0.3 0.5 0.7 0.9 1.1 1.3 1.1 0.9 0.7 0.5 0.3 0.1 -0.1 -0.3 -0.5 -0.7 -0.5 -0.3 -0.1 0.1
WAVE_05 0.4 0.6 0.8 1.0 1.2 1.4 1.2 1.0 0.8 0.6 0.4 0.2 0.0 -0.2 -0.4 -0.6 -0.4 -0.2 0.0 0.2
WAVE_06 0.5 0.7 0.9 1.1 1.3 1.5 1.3 1.1 0.9 0.7 0.5 0.3 0.1 -0.1 -0.3 -0.5 -0.3 -0.1 0.1 0.3
WAVE_07 0.6 0.8 1.0 1.2 1.4 1.6 1.4 1.2 1.0 0.8 0.6 0.4 0.2 0.0 -0.2 -0.4 -0.2 0.0 0.2 0.4
WAVE_08 0.7 0.9 1.1 1.3 1.5 1.7 1.5 1.3 1.1 0.9 0.7 0.5 0.3 0.1 -0.1 -0.3 -0.1 0.1 0.3 0.5
WAVE_09 0.8 1.0 1.2 1.4 1.6 1.8 1.6 1.4 1.2 1.0 0.8 0.6 0.4 0.2 0.0 -0.2 0.0 0.2 0.4 0.6
WAVE_10 0.9 1.1 1.3 1.5 1.7 1.9 1.7 1.5 1.3 1.1 0.9 0.7 0.5 0.3 0.1 -0.1 0.1 0.3 0.5 0.7
WAVE_11 1.0 1.2 1.4 1.6 1.8 2.0 1.8 1.6 1.4 1.2 1.0 0.8 0.6 0.4 0.2 0.0 0.2 0.4 0.6 0.8
WAVE_12 0.9 1.1 1.3 1.5 1.7 1.9 1.7 1.5 1.3 1.1 0.9 0.7 0.5 0.3 0.1 -0.1 0.1 0.3 0.5 0.7
WAVE_13 0.8 1.0 1.2 1.4 1.6 1.8 1.6 1.4 1.2 1.0 0.8 0.6 0.4 0.2 0.0 -0.2 0.0 0.2 0.4 0.6
WAVE_14 0.7 0.9 1.1 1.3 1.5 1.7 1.5 1.3 1.1 0.9 0.7 0.5 0.3 0.1 -0.1 -0.3 -0.1 0.1 0.3 0.5
WAVE_15 0.6 0.8 1.0 1.2 1.4 1.6 1.4 1.2 1.0 0.8 0.6 0.4 0.2 0.0 -0.2 -0.4 -0.2 0.0 0.2 0.4
WAVE_16 0.5 0.7 0.9 1.1 1.3 1.5 1.3 1.1 0.9 0.7 0.5 0.3 0.1 -0.1 -0.3 -0.5 -0.3 -0.1 0.1 0.3
WAVE_17 0.4 0.6 0.8 1.0 1.2 1.4 1.2 1.0 0.8 0.6 0.4 0.2 0.0 -0.2 -0.4 -0.6 -0.4 -0.2 0.0 0.2
WAVE_18 0.3 0.5 0.7 0.9 1.1 1.3 1.1 0.9 0.7 0.5 0.3 0.1 -0.1 -0.3 -0.5 -0.7 -0.5 -0.3 -0.1 0.1
WAVE_19 0.2 0.4 0.6 0.8 1.0 1.2 1.0 0.8 0.6 0.4 0.2 0.0 -0.2 -0.4 -0.6 -0.8 -0.6 -0.4 -0.2 0.0
WAVE_20 0.1 0.3 0.5 0.7 0.9 1.1 0.9 0.7 0.5 0.3 0.1 -0.1 -0.3 -0.5 -0.7 -0.9 -0.7 -0.5 -0.3 -0.1
WAVE_21 0.0 0.2 0.4 0.6 0.8 1.0 0.8 0.6 0.4 0.2 0.0 -0.2 -0.4 -0.6 -0.8 -1.0 -0.8 -0.6 -0.4 -0.2
WAVE_22 -0.1 -0.3 -0.5 -0.7 -0.9 -1.1 -0.9 -0.7 -0.5 -0.3 -0.1 0.1 0.3 0.5 0.7 0.9 0.7 0.5 0.3 0.1
WAVE_23 -0.2 -0.4 -0.6 -0.8 -1.0 -1.2 -1.0 -0.8 -0.6 -0.4 -0.2 0.0 0.2 0.4 0.6 0.8 0.6 0.4 0.2 0.0
WAVE_24 -0.3 -0.5 -0.7 -0.9 -1.1 -1.3 -1.1 -0.9 -0.7 -0.5 -0.3 -0.1 0.1 0.3 0.5 0.7 0.5 0.3 0.1 -0.1
WAVE_25 -0.4 -0.6 -0.8 -1.0 -1.2 -1.4 -1.2 -1.0 -0.8 -0.6 -0.4 -0.2 0.0 0.2 0.4 0.6 0.4 0.2 0.0 -0.2
WAVE_26 -0.5 -0.7 -0.9 -1.1 -1.3 -1.5 -1.3 -1.1 -0.9 -0.7 -0.5 -0.3 -0.1 0.1 0.3 0.5 0.3 0.1 -0.1 -0.3
WAVE_27 -0.6 -0.8 -1.0 -1.2 -1.4 -1.6 -1.4 -1.2 -1.0 -0.8 -0.6 -0.4 -0.2 0.0 0.2 0.4 0.2 0.0 -0.2 -0.4
WAVE_28 -0.7 -0.9 -1.1 -1.3 -1.5 -1.7 -1.5 -1.3 -1.1 -0.9 -0.7 -0.5 -0.3 -0.1 0.1 0.3 0.1 -0.1 -0.3 -0.5
WAVE_29 -0.8 -1.0 -1.2 -1.4 -1.6 -1.8 -1.6 -1.4 -1.2 -1.0 -0.8 -0.6 -0.4 -0.2 0.0 0.2 0.0 -0.2 -0.4 -0.6
WAVE_30 -0.9 -1.1 -1.3 -1.5 -1.7 -1.9 -1.7 -1.5 -1.3 -1.1 -0.9 -0.7 -0.5 -0.3 -0.1 0.1 -0.1 -0.3 -0.5 -0.7
WAVE_31 -1.0 -1.2 -1.4 -1.6 -1.8 -2.0 -1.8 -1.6 -1.4 -1.2 -1.0 -0.8 -0.6 -0.4 -0.2 0.0 -0.2 -0.4 -0.6 -0.8
WAVE_32 -0.9 -1.1 -1.3 -1.5 -1.7 -1.9 -1.7 -1.5 -1.3 -1.1 -0.9 -0.7 -0.5 -0.3 -0.1 0.1 -0.1 -0.3 -0.5 -0.7
WAVE_33 -0.8 -1.0 -1.2 -1.4 -1.6 -1.8 -1.6 -1.4 -1.2 -1.0 -0.8 -0.6 -0.4 -0.2 0.0 0.2 0.0 -0.2 -0.4 -0.6
WAVE_34 -0.7 -0.9 -1.1 -1.3 -1.5 -1.7 -1.5 -1.3 -1.1 -0.9 -0.7 -0.5 -0.3 -0.1 0.1 0.3 0.1 -0.1 -0.3 -0.5
WAVE_35 -0.6 -0.8 -1.0 -1.2 -1.4 -1.6 -1.4 -1.2 -1.0 -0.8 -0.6 -0.4 -0.2 0.0 0.2 0.4 0.2 0.0 -0.2 -0.4
WAVE_36 -0.5 -0.7 -0.9 -1.1 -1.3 -1.5 -1.3 -1.1 -0.9 -0.7 -0.5 -0.3 -0.1 0.1 0.3 0.5 0.3 0.1 -0.1 -0.3
WAVE_37 -0.4 -0.6 -0.8 -1.0 -1.2 -1.4 -1.2 -1.0 -0.8 -0.6 -0.4 -0.2 0.0 0.2 0.4 0.6 0.4 0.2 0.0 -0.2
WAVE_38 -0.3 -0.5 -0.7 -0.9 -1.1 -1.3 -1.1 -0.9 -0.7 -0.5 -0.3 -0.1 0.1 0.3 0.5 0.7 0.5 0.3 0.1 -0.1
WAVE_39 -0.2 -0.4 -0.6 -0.8 -1.0 -1.2 -1.0 -0.8 -0.6 -0.4 -0.2 0.0 0.2 0.4 0.6 0.8 0.6 0.4 0.2 0.0
WAVE_40 -0.1 -0.3 -0.5 -0.7 -0.9 -1.1 -0.9 -0.7 -0.5 -0.3 -0.1 0.1 0.3 0.5 0.7 0.9 0.7 0.5 0.3 0.1